#left side
-0.02 0.02 -0.02
0.02 0.02 -0.02
0.02 -0.02 -0.02
-0.02 -0.02 -0.02
-0.02 0.02 -0.02

#right side
-0.02 0.02 0.02
0.02 0.02 0.02
0.02 -0.02 0.02
-0.02 -0.02 0.02
-0.02 0.02 0.02

#top
0.02 0.02 -0.02
-0.02 0.02 -0.02
-0.02 0.02 0.02
0.02 0.02 0.02
0.02 0.02 -0.02

#bottom
0.02 -0.02 -0.02
-0.02 -0.02 -0.02
-0.02 -0.02 0.02
0.02 -0.02 0.02
0.02 -0.02 -0.02

#front
0.02 -0.02 -0.02
0.02 0.02 -0.02
0.02 0.02 0.02
0.02 -0.02 0.02
0.02 -0.02 -0.02

#back
-0.02 -0.02 -0.02
-0.02 0.02 -0.02
-0.02 0.02 0.02
-0.02 -0.02 0.02
-0.02 -0.02 -0.02